bias_1 = -0.00924097
bias_2 = -0.0203238
bias_3 = -0.00420327
bias_4 = 0.0
bias_5 = 0.0
bias_6 = 0.0
width_1 = 0.954003
width_2 = 1.24901
width_3 = 0.935168
width_4 = 1.0
width_5 = 1.0
width_6 = 1.0
