a_s = 2.49301e-09
baryon_fraction = 0.14058536243696193
cs2_de = 1.0
h0 = 0.638133
hubble = 63.8133
k = -0.0
k_s = 0.05000000074505806
massive_nu = 3
massless_nu = 0.046
n_run = 0.0
n_s = 0.97348
nu_mass_1 = -1000.0
ombh2 = 0.017981458649366875
omch2 = 0.10361129373464525
omega_b = 0.0441573
omega_c = 0.25443959080538453
omega_k = 0.0
omega_lambda = 0.6859040000000001
omega_m = 0.314096
omega_nu = 0.015499109194615468
omlamh2 = 0.2793095233049878
ommh2 = 0.12790420238401212
omnuh2 = 0.00631145
r_t = 0.0
sigma_12 = 0.7309778376874957
sigma_8 = 0.7097069559880064
sterile_neutrino = 0
tau = 0.0697186
w = -1.0
wa = 0.0
yhe = 0.24597799761955505
