bias_1 = -0.00611571
bias_2 = -0.0167116
bias_3 = -0.00863215
bias_4 = 0.0105923
