r1 = 0.2715749072688939
r2 = 0.5614903196292598
r3 = 0.8857820898298396
r4 = 0.14473064940949446
r5 = 0.36256916163796143
r6 = 0.7823602791703376
r7 = 0.07059544160572508
r8 = 0.19956528606395768
r9 = 0.581569316037369
