a1 = -0.580227
a2 = 2.47729
alpha1 = 4.69553
alpha2 = 3.77543
alphadel = 4.69553
bias_ta = 1.97657
bias_tt = 1.0
z_piv = 0.62
