b1 = 1.88732
b2 = 1.88566
b3 = 1.88258
b4 = 1.0
b5 = 1.0
b6 = 1.0
