m1 = -0.00190549
m2 = -0.0204538
m3 = -0.0238977
m4 = -0.0291421
